X = [0.42152345,0.8047266,0.5748047,0.613125,0.613125,0.7664063,0.68976563,0.7664063,0.68976563,0.728086,0.6514453,0.68976563,0.7664063,0.6514453,0.6514453,0.613125,0.8047266,0.8047266,0.68976563,0.7664063,0.5748047,0.5748047,0.6514453,0.8813672,0.68976563,0.613125,0.6514453,0.68976563,0.6514453,0.8430469,0.7664063,0.7664063,0.7664063,0.728086,0.728086,0.68976563,0.7664063,0.68976563,0.68976563,0.8047266,0.728086,0.728086,0.6514453,0.7664063,0.8430469,0.728086,0.5748047,0.5364844,0.6514453,0.5748047,0.6514453,0.6514453,0.7664063,0.68976563,0.728086,0.68976563,0.68976563,0.7664063,0.9196875,0.8047266,0.8430469,0.8430469,0.7664063,0.8047266,0.68976563,0.8047266,0.7664063,0.68976563,0.5748047,0.5748047,0.613125,0.728086,0.8047266,0.8047266,0.7664063,0.728086,0.7664063,0.728086,0.6514453,0.8047266,0.8430469,0.7664063,0.7664063,0.7664063,0.8430469,0.8047266,0.8047266,0.6514453,0.6514453,0.6514453,0.68976563,0.7664063,0.9196875,0.8430469,0.7664063,0.8430469,0.6514453,0.728086,0.728086,0.8047266,0.613125,0.613125,0.8047266,0.728086,0.613125,0.728086,0.7664063,0.68976563,0.8430469,0.6514453,0.728086,0.6514453,0.613125,0.613125,0.8047266,0.728086,0.728086,0.728086,0.8047266,0.68976563,0.8047266,0.613125,0.68976563,0.728086,0.728086,0.728086,0.8813672,0.728086,0.7664063,0.728086,0.68976563,0.6514453,0.68976563,0.8047266,0.728086,0.68976563,0.613125,0.613125,0.68976563,0.8047266,0.613125,0.68976563,0.728086,0.728086,0.68976563,0.5748047,0.728086,0.728086,0.7664063,0.8430469,0.8430469,0.9196875,0.8430469,0.8047266,0.613125,0.613125,0.42152345,0.4981641,0.613125,0.8430469,0.9580079,0.9963282,0.7664063,0.613125,0.728086,0.728086,0.68976563,0.8430469,0.68976563,0.5748047,0.68976563,0.7664063,0.9196875,0.9580079,0.7664063,0.8430469,0.8430469,0.9196875,0.728086,0.68976563,0.7664063,0.8047266,0.613125,0.68976563,0.7664063,0.8047266,0.728086,0.8047266,0.8047266,0.7664063,0.7664063,0.8430469,0.7664063,0.728086,0.68976563,0.68976563,0.68976563,0.68976563,0.613125,0.728086,0.6514453,0.7664063,0.7664063,0.7664063,0.6514453,0.7664063,0.8047266,0.8430469,0.7664063,0.8047266,0.728086,0.7664063,0.8047266,0.6514453,0.68976563,0.728086,0.7664063,0.8813672,0.9196875,0.728086,0.9580079,0.8430469,0.7664063,0.8047266,0.8047266,0.8430469,0.68976563,0.728086,0.9580079,0.9196875,0.728086,0.6514453,0.6514453,0.8430469,0.9580079,0.8047266,0.68976563,0.728086,0.8047266,0.8047266,0.8430469,0.7664063,0.8430469,0.8047266,0.8047266,0.68976563,0.8047266,0.9196875,0.8047266,0.6514453,0.7664063,0.8430469,0.6514453,0.728086,0.7664063,0.8047266,0.8430469,0.7664063,0.8047266,0.68976563,0.68976563,0.7664063,0.7664063,0.8047266,0.8047266,0.613125,0.68976563,0.45984375,0.5748047,0.4981641,0.8047266,0.8047266,0.728086,0.8047266,0.728086,0.5364844,0.613125,0.728086,0.7664063,0.613125,0.7664063,0.8047266,0.613125,0.5748047,0.613125,0.613125,0.68976563,0.8430469,0.728086,0.613125,0.613125,0.728086,0.6514453,0.68976563,0.728086,0.68976563,0.5748047,0.6514453,0.7664063,0.728086,0.6514453,0.7664063,0.613125,0.68976563,0.5748047,0.613125,0.5748047,0.728086,0.68976563,0.613125,0.68976563,0.8047266,0.7664063,0.68976563,0.613125,0.613125,0.8813672,0.9196875,0.68976563,0.7664063,0.6514453,0.5364844,0.6514453,0.5748047,0.7664063,0.728086,0.7664063,0.9196875,0.68976563,0.42152345,0.5748047,0.613125,0.5364844,1.2645704,0.9963282,0.9580079,1.3795313,0.9963282,1.0729688,0.728086,0.8047266,0.9580079,0.5748047,0.34488282,0.38320315,0.68976563,0.68976563,0.9196875,1.1879297,1.0346485,0.9196875,0.7664063,0.7664063,0.728086,0.8047266,1.0346485,1.0346485,1.1112891,1.1496094,1.0346485,0.9580079,0.7664063,0.613125,0.728086,0.613125,0.5364844,0.7664063,0.8813672,1.0729688,1.1496094,0.9963282,0.9963282,0.9963282,0.8813672,0.68976563,0.8047266,0.8813672,0.8430469,0.8430469,0.8047266,0.728086,0.613125,0.8430469,0.9196875,0.8813672,0.8430469,0.728086,0.8430469,0.8813672,0.8813672,0.7664063,0.7664063,0.8430469,0.8047266,0.613125,0.7664063,0.8047266,0.8047266,0.7664063,0.613125,0.8047266,0.613125,0.5748047,0.6514453,0.613125,0.8047266,0.8047266,0.8047266,0.728086,0.613125,0.7664063,0.728086,0.8813672,0.8813672,0.8047266,0.728086,0.4981641,0.38320315,0.68976563,0.7664063,1.1112891,1.4944923,1.4944923,1.5328126,1.4944923,1.0729688,0.8430469,0.7664063,0.8430469,0.7664063,0.8813672,0.9196875,1.1112891,0.8813672,0.9963282,0.8813672,0.68976563,0.613125,0.728086,0.613125,0.5364844,0.613125,0.7664063,0.5748047,0.7664063,1.0346485,0.9196875,0.8047266,0.8047266,0.7664063,0.8813672,0.9196875,0.9196875,0.8047266,0.8813672,0.8047266,0.9196875,0.8430469,0.8047266,0.7664063,0.7664063,0.68976563,0.8813672,0.7664063,0.728086,0.6514453,0.8813672,0.68976563,0.728086,0.68976563,0.7664063,0.7664063,0.6514453,0.38320315,0.42152345,0.4981641,0.8047266,0.8813672,0.45984375,0.38320315,0.5748047,0.7664063,0.8047266,1.1112891,0.9196875,0.22992188,0.19160157,-0.0,-0.11496094,0.07664063,0.19160157,0.19160157,0.34488282,0.5748047,0.6514453,0.5748047,0.38320315,0.34488282,0.45984375,0.38320315,0.5364844,0.42152345,0.19160157,0.22992188,0.68976563,0.5364844,0.5748047,0.4981641,-0.19160157,-0.2682422,-0.728086,-0.3065625,0.5364844,0.68976563,0.8430469,0.38320315,-0.19160157];
